#	LevelCompleteReward					
#	ID		Reward	AdMulti		
#	int		int	int		
#		备注	奖励值	看广告奖励倍数		
	1		20	0		
	2		20	0		
	3		20	0		
	4		20	0		
	5		20	0		
	6		20	0		
	7		20	0		
	8		20	0		
	9		20	0		
	10		20	0		
	11		20	0		
	12		20	0		
	13		20	0		
	14		20	0		
	15		20	0		
	16		20	0		
	17		20	0		
	18		20	0		
	19		20	0		
	20		50	0		
	21		20	0		
	22		20	0		
	23		20	0		
	24		20	0		
	25		20	0		
	26		20	0		
	27		50	0		
	28		20	0		
	29		20	0		
	30		100	2		
	31		20	3		
	32		20	4		
	33		20	5		
	34		50	5		
	35		20	5		
	36		20	5		
	37		50	5		
	38		20	5		
	39		20	5		
	40		100	5		
	41		20	5		
	42		20	5		
	43		20	5		
	44		50	5		
	45		20	5		
	46		20	5		
	47		50	5		
	48		20	5		
	49		20	5		
	50		100	5		
